((("m" .
   [1])
  ("luke/packages-installed-p" .
   [0 0 0 0 0 0 0 1 0 0 0 0 0 0 0 0 0 0 0 0 0 0 0 0 0])
  ("unless" .
   [1 0 0 0 0 0])
  ("nil" .
   [1 0 0])
  ("do" .
   [1 0])
  ("pkg" .
   [3 0 1])
  ("not" .
   [2 0 0])
  ("when" .
   [2 0 0 0])
  ("luke/package" .
   [0 0 0 0 2 0 0 0 0 0 0 0])
  ("in" .
   [1 0])
  ("for" .
   [1 0 0])
  ("loop" .
   [1 0 0 0])
  ("company" .
   [1 0 0 0 0 0 0])
  ("def" .
   [2 0 0])
  ("cl" .
   [1 0])
  ("defun*" .
   [0 0 0 0 1 0])
  ("qiang-font-existsp" .
   [0 0 0 0 1 0 0 0 0 0 0 0 0 0 0 0 0 0])
  ("car" .
   [0 0 1])
  ("sz-font" .
   [0 0 1 0 0 0 0])
  ("qian-exist" .
   [0 0 0 0 1 0 0 0 0 0])
  ("find-if" .
   [0 0 0 0 0 1 0])
  ("find" .
   [0 0 0 1])
  ("null" .
   [1 0 0 0])
  ("if" .
   [1 0])
  ("font" .
   [2 0 0 1])
  ("defun" .
   [0 0 1 4 0])
  ("font-list" .
   [1 0 0 0 0 0 0 1 0])
  ("setq" .
   [2 0 0 2])
  ("erase-buffer" .
   [0 0 0 1 0 1 0 0 0 0 0 0])
  ("x-list-fonts" .
   [0 0 0 1 1 0 0 0 0 0 0 0])
  ("fontset" .
   [0 0 0 0 0 1 0])
  ("require" .
   [0 0 0 1 0 0 0])
  ("setenv" .
   [0 0 0 0 1 0])
  ("load" .
   [1 0 0 1])
  ("tkinter" .
   [0 0 1 0 1 0 0])
  ("root" .
   [3 0 0 0])
  ("ttk" .
   [1 0 1])
  ("pack" .
   [2 0 0 0])
  ("text" .
   [3 0 0 0])
  ("Entry" .
   [0 0 0 1 0])
  ("entry" .
   [2 0 0 0 0])
  ("tkmessagebox" .
   [0 0 0 1 0 0 0 0 0 0 0 0])
  ("music" .
   [1 0 0 0 0])
  ("return" .
   [0 0 0 0 1 0])
  ("json" .
   [0 0 1 0])
  ("threading" .
   [0 0 1 0 0 0 0 0 0])
  ("listbox" .
   [2 0 0 0 0 0 0])
  ("list_s" .
   [1 0 0 0 0 0])
  ("set" .
   [2 0 0])
  ("del" .
   [2 0 0])
  ("delete" .
   [1 0 0 0 0 0])
  ("fullscreen" .
   [0 0 0 0 0 1 0 0 0 0])
  ("max" .
   [1 0 0])))
